START.
27.590637207
26.8997039795
25.8340873718
25.3390922546
24.9437828064
24.4212875366
24.2803497314
23.489730835
24.0328521729
23.7303543091
23.5962944031
23.3591079712
23.7028541565
23.5516052246
23.390045166
23.5241069794
23.2044219971
23.0050487518
23.304107666
22.8297367096
22.7816123962
22.7644252777
23.0909843445
22.7678623199
22.5616149902
22.5066146851
23.4725437164
23.1116104126
22.8606739044
22.7025508881
22.3588027954
22.5306777954
22.1422424316
22.7472381592
22.5719261169
22.4447402954
22.99817276
22.7541122437
22.0494308472
23.500043869
22.5719261169
22.4859886169
22.496301651
22.4756774902
22.4825515747
22.2728652954
22.6234893799
22.7128639221
22.4894275665
22.7609882355
22.5100517273
22.5513019562
22.606300354
22.2969284058
22.7919254303
22.7850494385
22.7094249725
22.6716136932
22.8572368622
22.8331737518
22.5959892273
22.8778610229
22.8331737518
22.7712993622
22.4413032532
22.5238018036
23.0944213867
22.8125495911
22.6509895325
23.280046463
22.6888008118
22.7369251251
22.3725528717
22.5031776428
22.3347415924
23.3350448608
22.4584903717
23.2078590393
22.5650520325
23.1494216919
22.5959892273
22.3038024902
22.2797412872
22.4791145325
22.2075538635
22.386302948
22.7678623199
22.6578636169
22.4688034058
22.1869297028
22.3381786346
22.2659912109
22.1113052368
22.3622398376
21.8809947968
22.3072414398
21.7194328308
22.4206771851
22.2075538635
22.4516143799
22.0494308472
22.1044311523
22.1491165161
22.5513019562
22.4550514221
22.4447402954
22.1731796265
22.3381786346
22.1800537109
22.1800537109
22.3038024902
21.970369339
22.2247428894
21.9634933472
21.4444351196
21.6781845093
21.8500576019
21.9428691864
22.6200504303
22.3588027954
23.379732132
22.4413032532
22.3828659058
22.2728652954
22.1697425842
22.3656787872
22.5066146851
22.5616149902
22.4344272614
22.4413032532
22.3794288635
22.5409889221
22.6716136932
22.8847370148
22.692237854
22.7678623199
22.692237854
23.610042572
22.7266120911
22.9191112518
22.99817276
22.5306777954
22.9809856415
22.7403621674
22.7059879303
22.8125495911
22.4928646088
22.7987995148
22.8366127014
22.6131763458
23.1219215393
22.9259872437
22.7163009644
22.9947357178
22.9500484467
22.8125495911
22.7197380066
23.0187988281
23.3522338867
24.1016025543
23.0634841919
23.194108963
23.2903594971
23.3144207001
23.2250461578
23.1287975311
23.1047344208
23.8472290039
23.3247337341
23.5584812164
23.4966068268
23.2181720734
23.2972335815
23.5241069794
23.4450454712
23.881603241
23.8403549194
23.1631717682
23.771604538
23.4278564453
23.1975460052
23.4553565979
23.5722312927
23.183795929
23.2766075134
23.3006706238
23.3144207001
23.4587936401
23.5275440216
23.269733429
23.1769218445
23.2662963867
23.585981369
23.2009849548
23.6272315979
24.0053520203
23.3006706238
23.4725437164
23.3969192505
23.8128547668
23.4450454712
23.9812908173
23.3934822083
23.5997314453
23.5069198608
23.6306686401
23.3212966919
24.1669139862
23.6341056824
23.3522338867
22.6819267273
23.2319221497
23.5997314453
23.2662963867
23.7406673431
22.6028633118
23.2491092682
23.1425476074
24.2975387573
22.6441135406
23.5584812164
23.6822299957
23.9881649017
23.5069198608
23.9537906647
23.9091033936
23.7131671906
23.7647285461
23.8472290039
23.8403549194
23.5481681824
23.7200431824
23.8334789276
23.0978603363
23.5447311401
23.5928554535
23.6272315979
22.7712993622
24.2562885284
23.4828567505
23.4141082764
23.6341056824
23.3006706238
23.1872329712
23.695980072
23.5137939453
23.7647285461
23.5550441742
23.7337913513
23.4622325897
23.9744148254
23.7337913513
24.1566009521
24.0741024017
23.9400405884
23.6787929535
23.7234802246
23.6031684875
23.7406673431
23.6547298431
23.8128547668
23.6237926483
23.891916275
23.7097301483
23.8987903595
23.8197288513
23.8609790802
24.0397262573
24.2184753418
24.0912895203
24.3903503418
24.4384746552
24.4969100952
23.8369159698
25.2153434753
24.8131599426
24.7650337219
25.167219162
24.1531639099
24.689409256
24.9575328827
25.1465930939
25.0262813568
25.2119064331
25.0537815094
24.8234710693
25.2153434753
25.4594039917
25.5178413391
25.3115921021
26.2740840912
25.3837795258
25.4559669495
25.3459663391
25.2840919495
25.5040912628
25.2222175598
25.6862773895
25.5934658051
26.390958786
25.9165878296
25.1500320435
25.497215271
26.0128364563
25.7000274658
25.6106529236
26.0300235748
25.889087677
25.975025177
26.1159610748
26.0884609222
26.0918979645
26.1262741089
26.2912712097
26.0540866852
26.2981472015
26.1778354645
25.5659656525
26.2843971252
25.8994007111
26.2122097015
26.0884609222
25.4009666443
26.184709549
26.3840827942
26.6487693787
26.3187713623
26.0093994141
26.2328357697
26.2981472015
26.0953369141
26.3668956757
26.7243938446
26.7209568024
26.0918979645
26.5937690735
26.476896286
26.4493961334
26.4253330231
26.576581955
26.7037696838
26.806892395
26.6693935394
26.8103294373
27.4771995544
26.552520752
26.7140808105
26.6418952942
26.5112705231
26.9340801239
27.2056388855
26.6934566498
26.9203300476
27.1678276062
26.7175178528
26.4356460571
26.8412666321
26.7965812683
26.8172054291
26.7278308868
26.9718914032
26.8722057343
26.5147075653
26.8240795135
26.3222084045
26.6900196075
26.7587680817
27.4084510803
26.9100170135
27.1540775299
26.6693935394
27.3465766907
26.9718914032
26.9581413269
27.7728233337
28.082195282
27.0818901062
26.9890785217
26.9478302002
25.7928390503
27.1093902588
27.0268917084
26.4906463623
27.1368904114
26.8653297424
27.580324173
27.0475158691
27.6009483337
28.4912548065
27.4428253174
27.0234527588
26.978767395
26.7072067261
26.7518939972
27.2640762329
27.4050140381
27.1747016907
26.8722057343
26.9547042847
27.2056388855
27.2572021484
27.112827301
26.9409542084
26.8962669373
27.4050140381
27.4875125885
27.9000091553
27.5390739441
28.0581321716
27.1953277588
27.5218868256
27.4015750885
27.690322876
27.2812633514
26.7450180054
27.3259506226
26.892829895
26.9031429291
26.1606483459
27.274389267
27.2915763855
27.3775138855
27.3156394958
27.2503261566
27.8140716553
27.5940742493
27.5597000122
27.1437644958
28.2300071716
27.4496994019
27.920633316
27.5425128937
27.3431396484
27.6353244781
28.7421894073
27.666261673
27.274389267
28.0959453583
27.1712646484
28.3675060272
27.9893836975
27.9103221893
27.5390739441
28.5359420776
27.5768871307
27.690322876
27.5837612152
27.9137592316
27.9068832397
28.2196941376
28.5565662384
28.6493778229
27.8346977234
27.690322876
27.5665740967
27.5287628174
27.7350101471
27.7350101471
28.6459407806
27.9481334686
27.6078243256
28.3262557983
27.6731357574
28.1096954346
28.7628154755
28.3537559509
28.5359420776
28.5909404755
27.5597000122
28.5187549591
27.9068832397
27.9481334686
28.2162570953
27.7143859863
28.1096954346
27.9756336212
27.7453231812
27.9515705109
27.9068832397
28.3537559509
28.2987556458
27.6593856812
27.3912639618
28.5634422302
26.5972061157
27.9103221893
27.8415718079
27.9515705109
27.9412593842
27.810634613
27.0509529114
27.4290752411
27.8587589264
27.7350101471
27.580324173
27.4359512329
27.4909496307
27.2950134277
27.4875125885
26.8137683868
27.3053264618
27.1403274536
27.6731357574
27.6731357574
27.5597000122
27.7178230286
27.690322876
27.5768871307
27.5872001648
27.6868858337
27.7315731049
28.1818828583
27.4531383514
27.5115756989
27.5356369019
27.2468891144
27.3018894196
27.6525115967
27.8587589264
28.5634422302
27.9171962738
28.0615711212
28.0100078583
28.0890693665
27.6215744019
28.9965629578
27.4806365967
27.7625102997
28.1028194427
27.9481334686
27.61469841
27.7590732574
28.422504425
27.5253238678
27.6456356049
27.9240722656
27.5975112915
27.972196579
27.198764801
28.3812561035
28.0168838501
28.1956310272
27.9000091553
27.6765727997
27.6696987152
28.6837539673
27.5081367493
27.5665740967
27.1678276062
27.7968845367
27.1231403351
27.5425128937
27.38438797
26.6934566498
27.394701004
27.5597000122
27.5493869781
25.9268989563
27.1781406403
27.920633316
27.9378223419
27.8896961212
27.494386673
27.6559486389
28.0993824005
27.5665740967
27.5975112915
27.7487602234
27.6628227234
27.6834487915
27.9103221893
27.5390739441
27.2125148773
27.7831344604
28.4431304932
27.2950134277
27.6043872833
27.4737625122
27.2159519196
27.3706378937
27.3637638092
27.4118881226
27.0715789795
27.6353244781
27.1540775299
27.1712646484
27.088766098
27.164390564
27.9756336212
26.6522064209
28.6665649414
26.5387706757
27.3225135803
27.394701004
28.202507019
27.810634613
27.6525115967
27.8931350708
27.8278217316
27.3775138855
27.6009483337
27.7900104523
27.6525115967
27.2331390381
27.6490745544
27.3775138855
28.0271949768
27.9790706635
27.4153251648
28.082195282
27.8415718079
28.4121932983
27.9034461975
28.0993824005
27.6696987152
27.9618835449
27.7728233337
28.1612567902
27.7487602234
27.5184497833
28.5496921539
27.8828220367
27.9550094604
27.7556362152
27.4978256226
28.082195282
28.0203208923
28.2643814087
27.3740768433
27.6765727997
27.5768871307
28.1750068665
27.9893836975
27.61469841
27.7625102997
27.38438797
27.4875125885
27.7934474945
27.4600124359
28.0271949768
28.694065094
27.418762207
28.1956310272
26.5422077179
28.8350009918
28.0787582397
27.7968845367
28.3193817139
27.8140716553
28.422504425
28.202507019
28.0203208923
27.0853290558
28.0168838501
28.5325050354
27.4393882751
27.9137592316
27.7659473419
27.78657341
28.0100078583
27.6318855286
28.3812561035
28.2437572479
29.1890621185
28.9278144836
28.3675060272
28.4259433746
27.7246990204
25.473154068
27.9618835449
27.6696987152
28.1612567902
27.9343833923
27.9756336212
27.9309463501
27.7350101471
27.7281360626
27.7109489441
27.4428253174
28.4603176117
27.7693862915
27.8793849945
27.8725090027
27.6593856812
27.3293895721
27.61469841
27.6421985626
28.0100078583
27.6800117493
27.5837612152
27.5665740967
27.9653205872
28.1200065613
28.5428161621
27.7659473419
27.8793849945
27.9000091553
27.2090778351
27.7350101471
27.9790706635
28.4534416199
28.0340709686
27.3981380463
27.6456356049
27.8828220367
28.0134468079
27.6559486389
27.7246990204
27.9000091553
27.7109489441
27.9996967316
27.9412593842
27.9103221893
27.2572021484
27.3156394958
26.9409542084
26.6556434631
26.6934566498
26.0162734985
26.4528331757
25.5625286102
26.1228351593
25.8340873718
26.1984596252
25.7756519318
25.5797157288
25.9234619141
25.9268989563
25.8547134399
25.9268989563
26.3084602356
25.6519012451
25.5659656525
25.8615875244
25.2600307465
25.5969028473
25.6415901184
25.4628410339
25.6209640503
25.4319038391
25.7137756348
25.2428436279
25.9612751007
25.105342865
25.8306503296
25.2840919495
25.3665924072
25.167219162
25.3494052887
24.9506568909
25.0984687805
25.2462806702
25.3253421783
24.7822208405
25.0469074249
25.0365943909
25.2978420258
25.1328430176
25.2290935516
24.6069107056
24.5484733582
25.0090942383
24.6619110107
24.7306594849
24.5931606293
25.2325305939
24.775346756
24.2975387573
24.163476944
24.2940998077
24.173789978
24.5312862396
24.6034736633
24.4281616211
24.5381603241
24.4522247314
24.2356643677
24.2769126892
24.2459754944
23.8437919617
24.4212875366
24.1600379944
24.4487876892
23.8266029358
24.5106620789
24.2837867737
24.1291007996
24.4075374603
24.2425384521
24.0844154358
24.4384746552
24.1944141388
24.1944141388
25.5178413391
24.5140991211
24.1772270203
24.5622234344
24.4969100952
24.3181629181
24.3112869263
24.2769126892
24.0809764862
23.8025417328
23.9194164276
23.8953533173
23.3281707764
24.1084766388
24.1016025543
24.1256637573
24.3284759521
24.2872257233
24.3697242737
23.6650428772
24.4659729004
24.4831619263
24.3319129944
24.6412849426
24.5862846375
24.3250370026
24.4590988159
24.1772270203
23.5172309875
24.0741024017
24.5690975189
25.4387779236
24.3491001129
24.4419116974
24.8750343323
24.4109745026
24.2356643677
23.9641036987
24.5347232819
24.5725364685
24.78565979
25.0675315857
24.0053520203
24.809720993
24.7512836456
24.7031593323
24.3491001129
24.6378479004
24.5965976715
24.9506568909
24.163476944
24.9884700775
24.7306594849
24.8647212982
24.8784713745
25.2050304413
24.6069107056
24.7547225952
24.479724884
25.6828384399
24.4487876892
24.7340965271
24.4969100952
24.4831619263
24.5484733582
25.6278400421
24.7065963745
24.4728488922
24.4247245789
24.6584720612
24.7581596375
24.3387870789
24.7684707642
24.7340965271
24.689409256
24.8028469086
24.5828475952
24.4453487396
25.115655899
24.3456630707
24.7375335693
24.6962852478
24.8131599426
25.0709686279
24.8887825012
24.8715953827
25.2978420258
24.9403457642
24.8303451538
25.0950317383
24.5209732056
24.8990955353
24.9884700775
24.7100334167
24.3422241211
25.3287792206
24.971282959
25.1087818146
24.6859722137
24.7547225952
24.7512836456
24.799407959
25.0434684753
25.0469074249
24.6275348663
25.0640945435
24.9644069672
25.081281662
25.191280365
26.3703346252
25.0709686279
25.1637802124
25.3494052887
25.2565917969
24.9300327301
25.0537815094
24.7272224426
25.2153434753
24.8440971375
25.2497177124
25.3665924072
25.4937782288
25.2944049835
25.3322181702
25.301279068
26.1400222778
25.0950317383
25.1534690857
25.5487785339
25.1122188568
25.3287792206
25.2944049835
25.363155365
25.0434684753
25.1259689331
25.6312770844
25.3734664917
25.2050304413
25.3115921021
25.2290935516
25.3356552124
25.5006523132
25.7550258636
25.5109653473
25.7550258636
25.3597164154
25.4834651947
25.6484642029
25.7481517792
25.8134632111
25.8650245667
25.6347141266
25.9200248718
26.3187713623
26.3772087097
25.8169002533
25.5178413391
24.9781570435
25.6519012451
25.8409633636
25.8340873718
25.7687759399
25.5212783813
25.9234619141
26.0300235748
25.8100261688
26.0265865326
25.8237762451
25.8719005585
26.1743984222
25.7756519318
25.8306503296
26.6900196075
26.0093994141
25.99908638
26.0575237274
26.2912712097
26.1159610748
26.2362728119
26.2362728119
26.5800189972
26.305021286
25.8512763977
25.9681491852
26.305021286
26.4218959808
26.466583252
25.7997131348
26.305021286
26.4184589386
25.9200248718
26.380645752
26.3393974304
25.4937782288
26.1812725067
26.2122097015
26.2981472015
26.0918979645
26.3497085571
26.2431468964
26.2087726593
26.1228351593
26.1675224304
25.3665924072
26.5318946838
26.6693935394
26.2053356171
27.1712646484
26.5318946838
26.0712738037
26.3737716675
26.1984596252
26.1984596252
26.2259597778
26.3943958282
26.3600215912
26.3497085571
26.1503353119
26.3118972778
26.1812725067
26.4047088623
26.305021286
26.5112705231
26.5318946838
26.4528331757
26.5318946838
26.5353317261
26.3359584808
26.3428344727
26.6178321838
26.7003307343
26.3462715149
26.6075191498
26.2981472015
27.0681400299
26.6693935394
26.4218959808
26.3772087097
25.8994007111
26.4940834045
26.8137683868
26.4322090149
26.7072067261
26.5078334808
26.9375171661
26.9581413269
26.5181446075
26.6418952942
26.1709594727
26.7106437683
26.6040821075
26.1572113037
26.8756427765
26.6831436157
26.5387706757
26.6247062683
26.7175178528
27.2434520721
26.7965812683
26.7278308868
26.4390830994
26.7656440735
26.9272041321
26.2362728119
26.2637729645
26.4906463623
26.3222084045
26.6590824127
25.8650245667
26.2156486511
25.8272132874
25.8272132874
25.9440879822
26.1159610748
26.0025253296
25.9131507874
25.9715881348
25.9131507874
25.889087677
25.7722129822
25.8409633636
25.7172145844
25.889087677
25.9543991089
25.669090271
25.6106529236
25.6175270081
25.8306503296
25.7069015503
25.8615875244
25.5969028473
25.4009666443
26.0368995667
25.5522155762
25.9612751007
25.5281524658
25.693151474
25.7825260162
25.6175270081
25.99908638
25.6175270081
25.8340873718
25.7584648132
25.7034645081
25.4937782288
26.7003307343
25.8409633636
25.5590896606
25.8134632111
25.7584648132
24.4247245789
25.5281524658
25.2394046783
25.6140899658
25.5350284576
25.9234619141
25.4319038391
25.3665924072
25.5178413391
25.7172145844
25.7137756348
26.0781478882
25.5625286102
26.1778354645
26.1297111511
26.2259597778
26.0540866852
26.184709549
26.1709594727
25.9715881348
25.6450271606
25.3150291443
25.8100261688
25.6347141266
25.9440879822
26.0506496429
25.8478374481
26.4184589386
26.0403366089
26.0231494904
25.9165878296
25.8512763977
26.1056480408
26.3325214386
26.5456447601
26.7484550476
26.4631462097
27.5872001648
26.5043945312
26.7587680817
26.5112705231
26.2397098541
26.4425201416
26.4184589386
26.2534599304
26.4218959808
26.0575237274
26.1159610748
26.1743984222
25.8753376007
25.6278400421
25.5556526184
25.9372119904
26.1778354645
25.8444004059
25.3803424835
25.7206516266
25.8169002533
25.4662780762
25.6828384399
25.7309646606
25.8340873718
25.4009666443
25.5728397369
25.6897144318
25.5075283051
25.5350284576
25.6656513214
25.5075283051
25.005657196
25.8753376007
25.7894020081
25.6140899658
25.9165878296
25.5178413391
25.8650245667
25.5487785339
25.6140899658
25.5212783813
25.2703418732
24.7444095612
25.6897144318
26.2190856934
25.4662780762
25.6347141266
25.6278400421
25.2909679413
25.8203392029
25.5556526184
25.6347141266
25.8615875244
26.1331481934
25.5487785339
24.8234710693
25.9681491852
25.889087677
26.3153343201
25.4662780762
25.7034645081
25.6794013977
25.7619018555
25.6759643555
25.2256546021
25.7069015503
25.6209640503
25.8994007111
25.8065891266
26.4390830994
26.1709594727
26.2018966675
26.0747108459
25.8237762451
25.6209640503
26.1675224304
25.5865898132
26.1262741089
26.2465858459
25.9509620667
26.1159610748
26.4047088623
26.4390830994
25.9372119904
26.4597091675
26.1709594727
25.6450271606
26.2156486511
26.7278308868
26.2259597778
26.3462715149
26.9134540558
26.5318946838
26.6453323364
26.476896286
25.277217865
26.4493961334
26.1022109985
25.1465930939
25.2531547546
26.0678367615
26.2568969727
26.0265865326
25.9337749481
25.9543991089
25.4903411865
25.7619018555
25.9028377533
25.3219051361
24.7031593323
25.0675315857
25.1294059753
25.2187805176
24.4212875366
25.2290935516
24.6619110107
24.077539444
24.1531639099
23.7647285461
23.6134796143
24.0294151306
23.5550441742
23.5069198608
22.8950500488
22.6166133881
22.5581760406
22.7506752014
23.0153598785
22.8331737518
22.7609882355
23.0394229889
22.8572368622
22.6303634644
22.9397354126
22.606300354
22.606300354
22.9225482941
22.5031776428
22.6991119385
22.8228626251
21.9325561523
22.5444259644
22.4653644562
22.5306777954
22.2900543213
22.5169258118
22.3313026428
22.7059879303
22.0391178131
22.3141155243
23.3212966919
22.5994262695
22.1456794739
22.1388053894
22.2419281006
22.1559925079
22.5891132355
22.2316169739
22.7816123962
22.1972427368
21.7950572968
21.9531822205
22.0459938049
22.2213039398
21.7503700256
21.1144371033
21.2863121033
22.7506752014
22.4516143799
22.4584903717
22.9534854889
23.2044219971
23.0600471497
22.9191112518
23.2594203949
22.3141155243
23.1081733704
23.2387962341
23.8712921143
23.3762950897
23.9881649017
23.9091033936
23.4416065216
23.610042572
23.3109836578
23.8231658936
22.300365448
23.661605835
23.8403549194
23.9709777832
23.9778518677
23.9503536224
23.9125404358
24.0981636047
23.9572277069
23.9091033936
24.2116012573
24.1944141388
23.9881649017
24.0328521729
23.9709777832
24.087852478
24.197851181
24.3250370026
24.1944141388
23.9606666565
24.1394138336
24.111913681
23.9984779358
23.9641036987
24.0259780884
23.3178577423
23.9778518677
23.7853546143
23.8644161224
23.8472290039
23.781917572
23.8369159698
23.8472290039
23.8712921143
24.1806640625
24.6344108582
23.685667038
24.0844154358
23.4416065216
23.7028541565
23.795665741
24.0259780884
23.685667038
23.575668335
24.0259780884
24.2287883759
23.4862937927
23.6444187164
23.0703601837
23.7269172668
23.1975460052
23.3109836578
23.3419208527
23.5344200134
23.4072322845
23.7097301483
23.0428600311
22.8812980652
23.2387962341
23.5412940979
23.4553565979
23.5687942505
23.465669632
23.5275440216
23.9469146729
23.3487949371
23.2628593445
23.1184844971
23.5172309875
23.2319221497
23.2319221497
23.1391105652
23.2112960815
23.6169185638
23.2387962341
23.5791053772
24.3250370026
23.3109836578
23.5344200134
23.7509803772
22.6338005066
23.3522338867
22.6647377014
23.5962944031
23.2594203949
23.5378570557
22.6028633118
23.0634841919
22.8812980652
23.0909843445
23.2766075134
23.1219215393
23.5275440216
23.7887916565
23.8747291565
23.7028541565
22.888174057
23.2009849548
23.5653572083
23.3453578949
23.6891059875
23.4244194031
24.0294151306
23.3969192505
23.3694190979
23.159734726
23.7028541565
23.3831710815
23.390045166
23.4072322845
23.2834835052
23.0325469971
23.183795929
