START.
0
897.058105469
897.000488281
897.041015625
897.009033203
897.058837891
897.032714844
897.043945312
897.034667969
897.060546875
897.020751953
897.076904297
897.070556641
897.065673828
897.023681641
897.036621094
897.065917969
897.048583984
897.067871094
897.09765625
897.106933594
897.103027344
897.108398438
897.104980469
897.126953125
897.166503906
897.193359375
897.216064453
897.203369141
897.236572266
897.3125
897.301025391
897.306640625
897.249267578
897.259033203
897.273925781
897.285644531
897.270263672
897.265136719
897.384765625
897.33203125
897.380371094
897.402587891
897.377441406
897.396728516
897.463134766
897.427246094
897.410400391
897.472167969
897.487792969
897.466552734
897.583007812
897.560546875
897.592773438
897.573974609
897.584960938
897.615966797
897.581787109
897.626953125
897.634521484
897.623535156
897.690185547
897.689941406
897.720458984
897.763183594
897.7265625
897.689453125
897.724121094
897.684814453
897.729003906
897.6875
897.690185547
897.705566406
897.689697266
897.710449219
897.670654297
897.732421875
897.717041016
897.728027344
897.759521484
897.766601562
897.705810547
897.729980469
897.731445312
897.738037109
897.713867188
897.785644531
897.788330078
897.840087891
897.844970703
897.869140625
897.875732422
897.886474609
897.888183594
897.880859375
897.876953125
897.893310547
897.903076172
897.939453125
897.987304688
898.020751953
898.075195312
898.046386719
898.103759766
898.037109375
898.008789062
898.061767578
898.064208984
898.018554688
897.991455078
898.043701172
898.069335938
898.037109375
898.043945312
898.048095703
898.066894531
898.036376953
898.094482422
898.128662109
898.134765625
898.125732422
898.11328125
898.168212891
898.149658203
898.221191406
898.165527344
898.203369141
898.193847656
898.1640625
898.21484375
898.122070312
898.161132812
898.193359375
898.198242188
898.203369141
898.196777344
898.247314453
898.249755859
898.225097656
898.267333984
898.259765625
898.226806641
898.267578125
898.266357422
898.30078125
898.283203125
898.297607422
898.283203125
898.388916016
898.344482422
898.343505859
898.400878906
898.467285156
898.370361328
898.386474609
898.359130859
898.322998047
898.361328125
898.354736328
898.420166016
898.321044922
898.319335938
898.328125
898.342041016
898.415283203
898.390869141
898.44921875
898.450683594
898.437011719
898.470947266
898.512939453
898.468261719
898.400878906
898.432861328
898.364990234
898.395507812
898.408935547
898.385742188
898.435546875
898.471679688
898.427490234
898.520019531
898.474121094
898.467773438
898.485107422
898.423828125
898.430419922
898.392578125
898.392333984
898.363525391
898.343994141
898.33203125
898.387695312
898.364257812
898.371337891
898.323486328
898.341552734
898.346679688
898.369140625
898.330078125
898.321289062
898.341796875
898.344482422
898.341064453
898.345947266
898.3125
898.316650391
898.318847656
898.281494141
898.296142578
898.291259766
898.247314453
898.227783203
898.237792969
898.210693359
898.234619141
898.183349609
898.138671875
898.189453125
898.236083984
898.192138672
898.193359375
898.189208984
898.236328125
898.22265625
898.154296875
898.17578125
898.131591797
898.124755859
898.14453125
898.087158203
898.082275391
898.123535156
898.163330078
898.140869141
898.143066406
898.12890625
898.082275391
898.105712891
898.119140625
898.09765625
898.076416016
898.145751953
898.164794922
898.123046875
898.193115234
898.154785156
898.137695312
898.115722656
898.068115234
898.099121094
898.033203125
898.013427734
898.057128906
898.038330078
898.086181641
898.03515625
898.02734375
898.071289062
898.055908203
898.144775391
898.135742188
898.109863281
898.086181641
898.048339844
898.094970703
898.114013672
898.054443359
898.153808594
898.135742188
898.187255859
898.204345703
898.2421875
898.234130859
898.245605469
898.214111328
898.211425781
898.202636719
898.275390625
898.263671875
898.294677734
898.348632812
898.286865234
898.229736328
898.298095703
898.235351562
898.275390625
898.283447266
898.330810547
898.352783203
898.261962891
898.344726562
898.219726562
898.263183594
898.185546875
898.153076172
898.290283203
898.255859375
898.217773438
898.319824219
898.246582031
898.286865234
898.305175781
898.256591797
898.307617188
898.375
898.341308594
898.363037109
898.452636719
898.400634766
898.397460938
898.427001953
898.341064453
898.468994141
898.464111328
898.396484375
898.415527344
898.471679688
898.577636719
898.434570312
898.430175781
898.437988281
898.420166016
898.395019531
898.409423828
898.397705078
898.348632812
898.355957031
898.373291016
898.419189453
898.335449219
898.342041016
898.374755859
898.260742188
898.294433594
898.352539062
898.312255859
898.288574219
898.316894531
898.329589844
898.329345703
898.33203125
898.374755859
898.397460938
898.359130859
898.423339844
898.476806641
898.48828125
898.452636719
898.468994141
898.534912109
898.452148438
898.529052734
898.479980469
898.567382812
898.588867188
898.613525391
898.605224609
898.568115234
898.666992188
898.666748047
898.697021484
898.735351562
898.678955078
898.698730469
898.750244141
898.763427734
898.718505859
898.816894531
898.768310547
898.760742188
898.781982422
898.744873047
898.787109375
898.756347656
898.794921875
898.801513672
898.768554688
898.772949219
898.809326172
898.762939453
898.804199219
898.852783203
898.815673828
898.864013672
898.879394531
898.860351562
898.882080078
898.817626953
898.811279297
898.808349609
898.777587891
898.789306641
898.793701172
898.804199219
898.744384766
898.728027344
898.720947266
898.696533203
898.748291016
898.748779297
898.737792969
898.701660156
898.733642578
898.741699219
898.729003906
898.672119141
898.732177734
898.730224609
898.75390625
898.748046875
898.742431641
898.784912109
898.777587891
898.751953125
898.762939453
898.769775391
898.746582031
898.76953125
898.752197266
898.755859375
898.762695312
898.760986328
898.831542969
898.715087891
898.748046875
898.765625
898.733398438
898.799804688
898.788818359
898.791259766
898.767578125
898.769287109
898.7890625
898.751708984
898.758300781
898.750244141
898.756591797
898.753417969
898.7578125
898.739746094
898.732421875
898.724121094
898.749023438
898.751708984
898.717285156
898.722412109
898.727539062
898.697021484
898.71484375
898.708496094
898.684570312
898.739013672
898.719970703
898.684082031
898.703125
898.647949219
898.686523438
898.684082031
898.642822266
898.659179688
898.668457031
898.675048828
898.665283203
898.671386719
898.656494141
898.673583984
898.621337891
898.605224609
898.655761719
898.614501953
898.608154297
898.572509766
898.607910156
898.61328125
898.620117188
898.609375
898.611572266
898.623291016
898.647705078
898.629882812
898.616699219
898.615478516
898.656005859
898.637207031
898.610595703
898.591552734
898.609619141
898.645507812
898.626464844
898.610595703
898.640625
898.617675781
898.653808594
898.634765625
898.664550781
898.671630859
898.676025391
898.685546875
898.682617188
898.703613281
898.675292969
898.687255859
898.699707031
898.677490234
898.667724609
898.68359375
898.706298828
898.813476562
898.789794922
898.737792969
898.720947266
898.744873047
898.782226562
898.760498047
898.743652344
898.744140625
898.782714844
898.796630859
898.829345703
898.802978516
898.852050781
898.814453125
898.836669922
898.874755859
898.893798828
898.900146484
898.910400391
898.889892578
898.896972656
898.884521484
898.885986328
898.960693359
898.955566406
898.910644531
898.885253906
898.880615234
898.928955078
898.911621094
898.918701172
898.937255859
898.892333984
898.876708984
898.880126953
898.890136719
898.904052734
898.885742188
898.824462891
898.873291016
898.829589844
898.849121094
898.841796875
898.849853516
898.842285156
898.827148438
898.858398438
898.874023438
898.845947266
898.876220703
898.949707031
898.909423828
898.907714844
898.969238281
898.952148438
898.958007812
898.978271484
898.963134766
898.960693359
898.975097656
898.927490234
898.933837891
898.928955078
898.928466797
898.912353516
898.869140625
898.885009766
898.886962891
898.901123047
898.865966797
898.874511719
898.885009766
898.853759766
898.917480469
898.863769531
898.890869141
898.912841797
898.893554688
898.888427734
898.905517578
898.922119141
898.927001953
898.880126953
898.907958984
898.914306641
898.934326172
898.959960938
898.984863281
898.937988281
898.979003906
898.918457031
898.922851562
898.947021484
898.904052734
898.935058594
898.929199219
898.886230469
898.899414062
898.870849609
898.897216797
898.920654297
898.913085938
898.901611328
898.915039062
898.914550781
898.918457031
898.860351562
898.871582031
898.888427734
898.904541016
898.893798828
898.883544922
898.945800781
898.875
898.904785156
898.935302734
898.9296875
898.906494141
898.94921875
898.904541016
898.942382812
898.930175781
898.943359375
898.931640625
898.910888672
898.938964844
898.943603516
898.930175781
898.958496094
898.910400391
898.909179688
898.955078125
898.955810547
898.929443359
898.989013672
898.930175781
898.936035156
898.920410156
898.916259766
898.917724609
898.974609375
898.922851562
898.907958984
898.918945312
898.928222656
898.904296875
898.928222656
898.900878906
898.928955078
898.912597656
898.88671875
898.901367188
898.882568359
898.891845703
898.897705078
898.891113281
898.916748047
898.905761719
898.898925781
898.909423828
898.944335938
898.895019531
898.907470703
898.890136719
898.916748047
898.94140625
898.913574219
898.969238281
898.937988281
898.96484375
898.960205078
898.936279297
898.958007812
898.953613281
898.959960938
898.936279297
898.989990234
898.983398438
899.028320312
898.955078125
899.048828125
899.076171875
899.103271484
899.126708984
899.127929688
899.150390625
899.16796875
899.165771484
899.215576172
899.205078125
899.214111328
899.206787109
899.169189453
899.267333984
899.271972656
899.268554688
899.283203125
899.30859375
899.297851562
899.333007812
899.333007812
899.312011719
899.416259766
899.383544922
899.427001953
899.418945312
899.398193359
899.439453125
899.431152344
899.481933594
899.484863281
899.466308594
899.494628906
899.477783203
899.48046875
899.524414062
899.531494141
899.549804688
899.532470703
899.516601562
899.541015625
899.541992188
899.552978516
899.604248047
899.578857422
899.581054688
899.599609375
899.622558594
899.630126953
899.610107422
899.637207031
899.671142578
899.623046875
899.636962891
899.677978516
899.622314453
899.654052734
899.679931641
899.73828125
899.709472656
899.715576172
899.733398438
899.70703125
899.734130859
899.720214844
899.750976562
899.733154297
899.728271484
899.728271484
899.722412109
899.755126953
899.778076172
899.764160156
899.738769531
899.768310547
899.771240234
899.781005859
899.744140625
899.748535156
899.770263672
899.7421875
899.744873047
899.725830078
899.776855469
899.741210938
899.740722656
899.752197266
899.748535156
899.767578125
899.766601562
899.742431641
899.694824219
899.756103516
899.741943359
899.745605469
899.743164062
899.743164062
899.796142578
899.761474609
899.767089844
899.772949219
899.791015625
899.776367188
899.766357422
899.744873047
899.772216797
899.78125
899.813232422
899.838134766
899.828369141
899.824951172
899.811523438
899.828125
899.834716797
899.798583984
899.823486328
899.858398438
899.840820312
899.880126953
899.856933594
899.839355469
899.867431641
899.862548828
899.907470703
899.916015625
899.881591797
899.904296875
899.896728516
899.927490234
899.902099609
899.965576172
899.954345703
899.920166016
899.926025391
899.905029297
899.921142578
899.892822266
899.927734375
899.919433594
899.935546875
899.918701172
899.914550781
899.910888672
899.921142578
899.884521484
899.907226562
899.916748047
899.934326172
899.944580078
899.922607422
899.932861328
899.956054688
899.927978516
899.927978516
899.985351562
899.958251953
899.931152344
899.938232422
899.956542969
899.922363281
899.928466797
899.949462891
899.941894531
899.936767578
899.931152344
899.9453125
899.973632812
899.952880859
899.949462891
899.951904297
899.966796875
899.981445312
899.956542969
899.999267578
900.000976562
900.004882812
900.0234375
900.008300781
900.049316406
900.001953125
900.006835938
900.041259766
900.017089844
900.024414062
900.024169922
900.069335938
900.040771484
900.022216797
900.049072266
900.012451172
900.064453125
900.036376953
900.028320312
900.018066406
900.065917969
900.013671875
900.014404297
900.076171875
900.0390625
900.043212891
899.995849609
900.013916016
900.019775391
899.924072266
899.970947266
899.970458984
899.973876953
900.025878906
899.991455078
899.966796875
899.950195312
900.008056641
900.006835938
899.987548828
900.009033203
899.990478516
899.964355469
899.942626953
899.980712891
899.959228516
899.956787109
899.945556641
899.920166016
899.902832031
899.941894531
899.937011719
899.926025391
899.910644531
899.959472656
899.927490234
899.929199219
899.912597656
899.962646484
899.937255859
899.922851562
899.940429688
899.918701172
899.903320312
899.916748047
899.914794922
899.926513672
899.889404297
899.919189453
899.892333984
899.856689453
899.871826172
899.898925781
899.889892578
899.862548828
899.827880859
899.849609375
899.8671875
899.835449219
899.867919922
899.891845703
899.850585938
899.877929688
899.864013672
899.871337891
899.854736328
899.813720703
899.797851562
899.770996094
899.778076172
899.831542969
899.798095703
899.816162109
899.807861328
899.801513672
899.7734375
899.784667969
899.793212891
899.791748047
899.740234375
899.764160156
899.760742188
899.743896484
899.742675781
899.796386719
899.797119141
899.732421875
899.703857422
899.687011719
899.697021484
899.702392578
899.682617188
899.706542969
899.688476562
899.667724609
899.645996094
899.706542969
899.693603516
899.663818359
899.607421875
899.620849609
899.620605469
899.620361328
899.579833984
899.549560547
899.552978516
899.558349609
899.596191406
899.577392578
899.541015625
899.547607422
899.577880859
899.567871094
899.507324219
899.510498047
899.542480469
899.496337891
899.540039062
899.502685547
899.486328125
899.465332031
899.459228516
899.479248047
899.446289062
899.385742188
899.408203125
899.439453125
899.423339844
899.428955078
899.4296875
899.419189453
899.397460938
899.362792969
899.353271484
899.317138672
899.327636719
899.352783203
899.301025391
899.290527344
899.258300781
899.232421875
899.221679688
899.227050781
899.212890625
899.161376953
899.080566406
899.111083984
899.112548828
899.166259766
899.103027344
899.056884766
899.048828125
899.057128906
899.058349609
899.058349609
899.025878906
898.979736328
898.979248047
898.975341797
898.96875
898.949462891
898.915771484
898.905273438
898.923583984
898.909667969
898.847412109
898.869140625
898.852539062
898.867675781
898.841308594
898.784912109
898.809082031
898.771972656
898.765380859
898.767333984
898.713134766
898.699707031
898.693115234
898.673828125
898.658447266
898.688232422
898.666992188
898.659912109
898.696777344
898.678466797
898.648681641
898.579589844
898.614257812
898.585205078
898.593261719
898.5703125
898.55859375
898.557861328
898.537109375
898.504150391
898.51171875
898.501708984
898.478515625
898.517333984
898.475097656
898.485839844
898.496337891
898.498779297
898.418457031
898.425292969
898.418945312
898.367919922
898.389404297
898.309326172
898.326416016
898.362304688
898.327636719
898.265380859
898.279541016
898.256835938
898.270019531
898.237304688
898.254394531
898.2578125
898.222412109
898.257324219
898.235351562
898.234863281
898.223388672
898.229492188
898.184814453
898.174316406
898.207519531
898.149658203
898.145263672
898.169677734
898.197753906
898.133056641
898.138183594
898.133544922
898.142578125
898.153076172
898.091064453
898.076904297
898.092773438
898.08203125
898.057373047
898.029052734
898.032226562
898.042724609
897.984863281
898.004882812
898.004638672
898.003662109
897.974609375
898.003662109
898.007568359
897.961669922
897.935302734
897.915527344
897.913085938
897.848632812
897.871337891
897.878662109
897.834472656
897.862060547
897.811767578
897.792724609
897.797363281
897.804931641
897.760253906
897.770751953
897.833251953
897.805175781
897.802490234
897.811035156
897.827636719
897.779296875
897.795898438
897.790283203
897.776123047
897.773193359
897.728027344
897.718017578
897.685546875
897.725585938
897.655273438
897.653564453
897.636230469
897.583984375
897.597412109
897.626220703
897.571777344
897.550537109
897.580322266
897.548339844
897.54296875
897.585449219
897.556396484
897.584960938
897.569580078
897.560791016
897.5625
897.580810547
897.556884766
897.534912109
897.520996094
897.517822266
897.507568359
897.523681641
897.452636719
897.462402344
897.457763672
897.452636719
897.448730469
897.472900391
897.459228516
897.456542969
897.442138672
897.470703125
897.475585938
897.472412109
897.44140625
897.438232422
897.419189453
897.471435547
897.460693359
897.510253906
897.482177734
897.525634766
897.55859375
897.51953125
897.519042969
897.512695312
897.534179688
897.502685547
897.520996094
897.476074219
897.475341797
897.464355469
897.443847656
897.467529297
897.469482422
897.468994141
897.468017578
897.468261719
897.492431641
897.516845703
897.530517578
897.5390625
897.585205078
897.586914062
897.639404297
897.636230469
897.62890625
897.640380859
897.636230469
897.622558594
897.657226562
897.6796875
897.658935547
897.643066406
897.673828125
897.688476562
897.699707031
897.668945312
897.697753906
897.727783203
897.753173828
897.788330078
897.791015625
897.817626953
897.928955078
898.104980469
898.072753906
897.914306641
898.083251953
898.110595703
898.136962891
898.292724609
898.225585938
898.267089844
898.228515625
898.393554688
898.267089844
898.338134766
898.496826172
898.394287109
898.348876953
898.445800781
898.360351562
898.336425781
898.273193359
898.329833984
898.338134766
898.413574219
898.346923828
898.261474609
898.357910156
898.359619141
898.357177734
898.394042969
898.494384766
898.489990234
898.503173828
898.640869141
898.56640625
898.650390625
898.627685547
898.683837891
898.711669922
898.669189453
898.709960938
898.952392578
898.761474609
898.756347656
898.858154297
898.845703125
898.927734375
898.863525391
898.869384766
898.951660156
898.998535156
898.997802734
899.03125
899.128173828
899.094970703
899.005371094
899.009277344
899.077148438
899.115478516
899.092773438
899.192138672
899.114501953
899.159667969
899.111083984
899.212646484
899.253173828
899.141113281
899.142333984
899.248535156
899.165283203
899.235107422
899.317138672
899.169677734
899.293212891
899.177246094
899.275878906
899.264648438
899.260742188
899.262695312
899.321289062
899.283203125
899.209716797
899.335693359
899.294189453
899.192626953
899.21484375
899.214355469
899.118896484
899.180419922
899.125488281
899.175292969
899.170654297
899.167724609
899.158203125
899.146972656
899.09375
899.155029297
899.114746094
899.033691406
899.051757812
899.022705078
898.977539062
899.004394531
898.973632812
899.002441406
898.957275391
898.96484375
898.963623047
898.967285156
898.960449219
898.937744141
898.854980469
898.860839844
898.908691406
898.853271484
898.815185547
898.820800781
898.822998047
898.764160156
898.716064453
898.549560547
898.515136719
898.567138672
898.520751953
898.415771484
898.369873047
898.427978516
898.355224609
898.311035156
898.317626953
898.294921875
898.245849609
898.243652344
898.244384766
898.284912109
898.234619141
898.215820312
898.178222656
898.19921875
898.213623047
898.202392578
898.299316406
898.250244141
898.333496094
898.353271484
898.375732422
898.403808594
898.435791016
898.492675781
898.528320312
898.525878906
898.586181641
898.596191406
898.656738281
898.678222656
898.728759766
898.728271484
898.731445312
898.763427734
898.761474609
898.826416016
898.8203125
898.846679688
898.903320312
898.829101562
898.926757812
898.933105469
898.928466797
898.959228516
898.995605469
899.024658203
899.020507812
898.992919922
898.972167969
898.997802734
899.031005859
899.017089844
898.929199219
898.968505859
898.979736328
898.983154297
898.996826172
899.004882812
899.024902344
899.041992188
899.021240234
899.025146484
899.040283203
899.075927734
899.088378906
