START.
0
28.0122
27.9746
27.9248
27.9248
27.9496
27.9372
27.9248
27.9622
28.0124
27.9874
27.9874
28.0122
28.0124
28.0248
28.0372
28.0122
28.0496
28.0124
28.0124
28.0248
28.0248
27.9748
28.0248
27.9998
27.9998
28.0248
27.9998
27.9748
28.0124
28.0248
27.9874
27.9622
27.9496
27.9622
27.9622
27.9246
27.9872
27.9622
27.8998
27.8998
27.9248
27.9122
27.9372
27.9372
27.9746
27.9622
27.9746
27.9622
28.0248
27.9622
27.9748
27.9622
28.0248
28.0122
28.0248
28.0122
28.0374
28.0248
28.0248
28.0374
28.0248
28.0374
28.0248
28.0374
28.0124
27.9748
28.0124
28.0248
28.0248
28.0248
28.0248
28.0248
28.0622
28.0248
28.0248
28.0248
28.0248
28.0374
28.0372
28.0498
28.0872
28.0498
28.0872
28.0498
28.0748
28.0498
28.0872
28.0498
28.0372
28.0374
28.0372
28.0248
28.0248
28.0248
27.9998
28.0248
28.0248
28.0248
28.0248
28.0248
28.0248
28.0374
28.0248
28.0374
28.0248
28.0248
28.0248
28.0248
28.0248
28.0248
28.0248
28.0248
28.0248
27.9622
27.9496
27.9622
27.9498
27.9122
27.9496
27.8998
27.9248
27.9246
27.9622
27.9746
27.9622
27.9622
27.8998
27.9498
27.9622
27.9746
27.9622
27.8748
27.8998
27.8998
27.8624
27.8874
27.8498
27.8622
27.8622
27.8872
27.8998
27.8372
27.8372
27.8372
27.8372
27.8872
27.8622
27.8498
27.8998
27.8998
27.8998
27.8998
27.8998
27.8246
27.7872
27.7872
27.8246
27.8372
27.7996
27.7372
27.7248
27.7498
27.7624
27.7996
27.7748
27.8248
27.8372
27.8372
27.8372
27.8246
27.8496
27.8372
27.8622
27.8496
27.8748
27.8622
27.9124
27.8998
27.9124
27.9124
27.8998
27.8372
27.8622
27.8872
27.8998
27.8998
27.8748
27.8748
27.8998
27.8998
27.8872
27.9124
27.8998
27.8998
27.8998
27.8998
27.8622
27.9124
27.8998
27.8748
27.8874
27.8998
27.8872
27.8372
27.8248
27.7872
27.7872
27.7748
27.7748
27.8122
27.8122
27.7748
27.7748
27.7748
27.7374
27.7248
27.7122
27.7248
27.7748
27.7748
27.7748
27.7874
27.8372
27.8496
27.8372
27.8622
27.8872
27.8496
27.8874
27.9124
27.8872
27.8748
27.8372
27.8372
27.7624
27.7748
27.7374
27.7748
27.7748
27.7748
27.7248
27.7748
27.7748
27.7748
27.7248
27.7374
27.7248
27.7248
27.7248
27.7874
27.7874
27.7748
27.7496
27.7498
27.7248
27.7624
27.7748
27.7998
27.7748
27.837
27.7874
27.8496
27.8372
27.8248
27.7748
27.8248
27.7748
27.7748
27.7748
27.7748
27.7874
27.8122
27.7874
27.7874
27.7998
27.8246
27.8122
27.8246
27.7998
27.8248
27.8122
27.8496
27.8122
27.7748
27.7748
27.7874
27.7998
27.8122
27.8122
27.8122
27.7748
27.7874
27.7748
27.7748
27.7748
27.8122
27.7874
27.7874
27.7748
27.7874
27.7874
27.7748
27.7748
27.7748
27.7748
27.7748
27.7748
27.7748
27.7622
27.7748
27.7748
27.7748
27.7622
27.7748
27.7748
27.7748
27.7748
27.7748
27.7748
27.7122
27.7122
27.7498
27.7122
27.7622
27.7122
27.7498
27.7498
27.7248
27.7122
27.7122
27.7122
27.7122
27.7122
27.7122
27.6998
27.7122
27.7246
27.7122
27.7122
27.6996
27.6872
27.6998
27.7122
27.6872
27.6998
27.6746
27.6998
27.7122
27.7122
27.6746
27.6746
27.7122
27.6998
27.6746
27.6746
27.6998
27.6998
27.6498
27.6998
27.7122
27.6746
27.7122
27.6746
27.6998
27.6872
27.6872
27.6998
27.6872
27.6746
27.6872
27.6748
27.6998
27.6998
27.6998
27.7122
27.7246
27.7122
27.7122
27.7122
27.6998
27.7122
27.7122
27.7122
27.7246
27.6998
27.7122
27.7246
27.7246
27.7122
27.7246
27.6998
27.7246
27.7122
27.6998
27.7122
27.7246
27.7122
27.7246
27.6622
27.6998
27.7122
27.7246
27.7122
27.7122
27.7122
27.7122
27.7122
27.7246
27.7122
27.7122
27.7122
27.7122
27.7122
27.7122
27.7122
27.7122
27.7122
27.7122
27.7122
27.7122
27.7122
27.7122
27.7122
27.7122
27.7122
27.7122
27.7122
27.6996
27.7122
27.7122
27.7122
27.7122
27.6746
27.7122
27.7122
27.7246
27.7122
27.7122
27.7122
27.7122
27.7122
27.7122
27.7122
27.7246
27.7122
27.7122
27.7122
27.7122
27.7122
27.7246
27.7122
27.7246
27.7122
27.7246
27.7122
27.7246
27.7122
27.7246
27.7246
27.7246
27.7122
27.7122
27.7122
27.7248
27.7122
27.7122
27.7122
27.7122
27.7122
27.7122
27.7122
27.7122
27.7122
27.7122
27.7122
27.7122
27.7122
27.7248
27.7122
27.7122
27.7246
27.7248
27.7122
27.7122
27.7122
27.7122
27.7122
27.7122
27.7122
27.7122
27.7122
27.7122
27.7122
27.7122
27.6998
27.7122
27.7122
27.7122
27.7122
27.7122
27.7122
27.7122
27.7122
27.7122
27.7122
27.7122
27.7122
27.7122
27.6998
27.7122
27.7122
27.6996
27.7122
27.6872
27.6746
27.6746
27.6872
27.6996
27.6748
27.6996
27.6998
27.6872
27.6998
27.6996
27.7122
27.7122
27.6748
27.7122
27.6872
27.7122
27.6872
27.6996
27.6622
27.6624
27.6498
27.6748
27.6498
27.6996
27.6498
27.6748
27.6748
27.6872
27.6624
27.6998
27.6624
27.6872
27.6624
27.6622
27.6622
27.6872
27.6748
27.6498
27.6498
27.6872
27.6624
27.6622
27.6498
27.6498
27.6498
27.6498
27.6498
27.6498
27.6498
27.6498
27.6498
27.6498
27.6498
27.6498
27.6498
27.6498
27.6372
27.6122
27.6372
27.6498
27.6498
27.6498
27.6372
27.6498
27.6372
27.6248
27.6124
27.6374
27.6248
27.6498
27.5998
27.6248
27.6248
27.6374
27.6248
27.6248
27.5998
27.6374
27.5872
27.5872
27.5872
27.6124
27.5996
27.6248
27.5996
27.5998
27.5872
27.6124
27.5872
27.5872
27.5872
27.5872
27.5748
27.5872
27.5872
27.5872
27.5748
27.5872
27.5872
27.5746
27.562
27.5746
27.5872
27.5872
27.5496
27.5872
27.5872
27.5872
27.5372
27.5746
27.5748
27.5746
27.5748
27.562
27.5622
27.5622
27.5748
27.5496
27.5748
27.5872
27.5746
27.5746
27.5622
27.562
27.5374
27.5622
27.5622
27.5496
27.5496
27.5498
27.5248
27.5498
27.5248
27.5622
27.5248
27.5622
27.5374
27.5498
27.5248
27.5622
27.5248
27.5372
27.5248
27.5622
27.5498
27.5248
27.5248
27.5248
27.5248
27.5748
27.5248
27.5124
27.5248
27.5248
27.5248
27.5124
27.5122
27.4998
27.5122
27.5122
27.5122
27.4874
27.5248
27.5122
27.5122
27.5122
27.5122
27.5122
27.5122
27.5122
27.5248
27.5122
27.5248
27.5122
27.5122
27.5122
27.5248
27.4998
27.5122
27.5248
27.5248
27.5248
27.5248
27.5122
27.5248
27.5248
27.4998
27.4998
27.5122
27.4998
27.5248
27.5122
27.4998
27.4874
27.5124
27.5122
27.4998
27.5122
27.4622
27.4372
27.4622
27.4998
27.4872
27.4622
27.4746
27.4872
27.4872
27.4872
27.4872
27.4746
27.4746
27.4746
27.4872
27.4622
27.4746
27.4622
27.4622
27.4622
27.4746
27.4622
27.4622
27.4622
27.4498
27.4622
27.4622
27.4622
27.4746
27.4746
27.4872
27.4746
27.4872
27.4872
27.5122
27.4998
27.5122
27.4748
27.5122
27.4872
27.5122
27.5248
27.4998
27.4998
27.4998
27.4622
27.5122
27.4872
27.4622
27.4622
27.4622
27.4748
27.4998
27.4622
27.4996
27.4622
27.4122
27.4122
27.3748
27.3372
27.3246
27.3122
27.3246
27.3246
27.312
27.2872
27.2372
27.2498
27.2748
27.2748
27.3246
27.3246
27.3246
27.3246
27.3246
27.3246
27.3498
27.3246
27.3246
27.2996
27.2748
27.2996
27.312
27.312
27.3246
27.3498
27.3498
27.3246
27.3624
27.3246
27.3246
27.3498
27.3498
27.3246
27.3498
27.3246
27.3624
27.3498
27.3624
27.3748
27.3748
27.3872
27.3748
27.3996
27.3996
27.3996
27.412
27.3748
27.3748
27.3498
27.3498
27.3372
27.3748
27.3748
27.3748
27.3748
27.3748
27.3996
27.3872
27.412
27.4246
27.4246
27.4246
27.4246
27.4372
27.4246
27.4372
27.4498
27.4498
27.4498
27.4498
27.4498
27.4498
27.4622
27.4624
27.4498
27.4624
27.4498
27.4748
27.4498
27.4622
27.4748
27.4872
27.4748
27.4996
27.4872
27.4996
27.4996
27.4996
27.4996
27.4996
27.4996
27.5246
27.5246
27.5246
27.5246
27.5246
27.5246
27.5372
27.5246
27.5498
27.5246
27.5498
27.5498
27.5498
27.5498
27.5498
27.5498
27.5498
27.5498
27.5498
27.5498
27.5498
27.5498
27.5748
27.5748
27.5748
27.5748
27.5996
27.5748
27.5872
27.5996
27.5996
27.5996
27.5996
27.5996
27.5996
27.5996
27.612
27.5996
27.6246
27.5996
27.6246
27.612
27.6246
27.6246
27.6246
27.6246
27.6246
27.6246
27.6372
27.6246
27.6498
27.6498
27.6748
27.6624
28.0996
27.7622
27.7122
27.6996
27.6996
27.6996
27.712
27.6996
27.6996
27.712
27.7246
27.6996
27.7246
27.7122
27.712
27.6996
27.7248
27.7122
27.7246
27.6996
27.7246
27.6996
27.7122
27.6996
27.7122
27.6996
27.6996
27.6996
27.6996
27.6996
27.6996
27.6996
27.7122
27.6996
27.7122
27.6996
27.7248
27.6996
27.7122
27.6996
27.6996
27.6996
27.7122
27.6996
27.7122
27.6996
27.7122
27.6996
27.7122
27.6996
27.7122
27.6996
27.7122
27.7248
27.7246
27.7246
27.7122
27.7122
27.7372
27.7122
27.7248
27.6996
27.7372
27.7122
27.7248
27.7122
27.7372
27.7122
27.7372
27.6996
27.7248
27.7122
27.7248
27.7122
27.7372
27.7122
27.7372
27.7122
27.7374
27.7248
27.7372
27.7122
27.7498
27.7122
27.7122
27.7122
27.7122
27.7122
27.7122
27.7122
27.6996
27.7122
27.7122
27.7248
27.7122
27.7122
27.7122
27.7248
27.7122
27.7122
27.7248
27.7248
27.7122
27.7122
27.7122
27.7248
27.7122
27.7248
27.6996
27.7122
27.7248
27.7248
27.7122
27.7248
27.7122
27.7122
27.7122
27.7248
27.6996
27.7122
27.7122
27.7122
27.7122
27.6996
27.6996
27.7122
27.7122
27.7122
27.7248
27.7122
27.7122
27.7248
27.6996
27.7122
27.6996
27.7248
27.6996
27.7246
27.7246
27.7372
27.7372
27.7498
27.7624
27.7624
27.7624
27.7624
27.7748
27.7748
27.7748
27.7872
27.7748
27.7872
27.7748
27.7622
27.7622
27.7872
27.7748
27.7872
27.7748
27.7872
27.7498
27.7748
27.7748
27.7872
27.7748
27.7748
27.7748
27.7872
27.7872
27.7746
27.7622
27.7746
27.7622
27.7622
27.7748
27.7872
27.7498
27.7748
27.7498
27.7498
27.7498
27.7622
27.7498
27.7748
27.7748
27.7996
27.7872
27.7996
27.7996
27.812
27.812
27.7996
27.7996
27.8246
27.8246
27.8246
27.8372
27.8498
27.8372
27.8372
27.8372
27.8498
27.8372
27.8624
27.8748
27.8624
27.8748
27.8748
27.8748
27.8748
27.8748
27.8748
27.8748
27.8748
27.8748
27.8748
27.8748
27.8748
27.8996
27.8996
27.8996
27.9246
27.9246
27.8872
27.8998
27.8996
27.8748
27.8748
27.8748
27.8748
27.8748
27.8622
27.8622
27.8748
27.8622
27.8498
27.8622
27.8622
27.8622
27.8498
27.8622
27.8498
27.8498
27.8622
27.8622
27.8748
27.8622
27.8748
27.8748
27.8748
27.8622
27.8622
27.8748
27.8748
27.8622
27.8622
27.8748
27.8748
27.8748
27.8748
27.8748
27.8748
27.8748
27.8748
27.8748
27.8748
27.8748
27.8872
27.8748
27.8748
27.8748
27.8872
27.8748
27.8748
27.8748
27.8748
27.8748
27.8872
27.8748
27.8872
27.8748
27.8872
27.8748
27.8872
27.8748
27.8872
27.8748
27.9122
27.8996
27.912
27.8996
27.912
27.8996
27.8996
27.8872
27.912
27.8996
27.9122
27.8996
27.8996
27.8996
27.9122
27.8996
27.9122
27.9122
27.8996
27.8996
27.8996
27.8996
27.8996
27.8996
27.8996
27.9246
27.9122
27.9246
27.9246
27.9246
27.9246
27.8996
27.8996
27.9122
27.9246
27.8996
27.8996
27.8996
27.8996
27.9246
27.9246
27.8996
27.9122
27.8872
27.8996
27.8996
27.8872
27.8996
27.8996
27.8872
27.8872
27.8748
27.8622
27.8498
27.8372
27.8248
27.8372
27.7996
27.7622
27.7498
27.7622
27.7498
27.7498
27.7622
27.7498
27.7122
27.7372
27.7372
27.7122
27.7246
27.7498
27.7122
27.6996
27.7246
27.7372
27.7246
27.6872
27.6622
27.6498
27.6622
27.6498
27.6372
27.6498
27.6498
27.6498
27.6122
27.6372
27.5872
27.5622
27.5498
27.5498
27.5246
27.5498
27.5622
27.5748
27.5122
27.5122
27.4872
27.487
27.4622
27.4498
27.4498
27.4498
27.4872
27.5246
27.5246
27.5498
27.5748
27.5748
27.5748
27.5996
27.5996
27.6246
27.6246
27.6246
27.6246
27.6246
27.6246
27.6246
27.6246
27.6498
27.6246
27.6498
27.6498
27.6498
27.6498
27.6498
27.6622
27.6748
27.6624
27.6748
27.6748
27.6748
27.6624
27.6748
27.6748
27.6748
27.6622
27.6748
27.6748
27.6748
27.6748
27.6748
27.6872
27.6748
27.6748
27.6748
27.6748
27.6872
27.6748
27.6872
27.6748
27.6996
27.6872
27.6872
27.6748
27.6996
27.6872
27.6996
27.6748
27.6996
27.6748
27.6996
27.6872
27.6996
27.6748
27.6748
27.6622
27.6872
27.6748
27.6872
27.6748
27.6748
27.6748
27.6748
27.6748
27.6622
27.6498
27.6748
27.6622
27.6498
27.6498
27.6498
27.6498
27.6622
27.6622
27.6748
27.6498
27.6748
27.6498
27.6498
27.6498
27.6498
27.6498
27.6622
27.6498
27.6622
27.6498
27.6622
27.6498
27.6498
27.6498
27.6498
27.6498
27.6498
27.6498
27.6498
27.6498
27.6498
27.6498
27.6498
27.6498
27.6498
27.6498
27.6622
27.6498
27.6748
27.6624
27.6872
27.6748
27.6748
27.6748
27.6872
27.6748
27.6872
27.6872
27.6996
27.6872
27.6996
27.6872
27.6996
27.6872
27.6996
27.6872
