START.
20.8360023499
20.6538162231
21.6403713226
21.0972518921
21.688495636
21.2038116455
21.4203720093
21.2897491455
21.2347488403
22.2625541687
21.3275604248
21.6334953308
21.5063095093
21.9256820679
21.6609954834
21.6575584412
21.6747455597
22.0631809235
22.6234893799
23.4484825134
23.6409797668
23.2044219971
23.1219215393
23.1769218445
23.5928554535
23.5516052246
23.9709777832
23.5172309875
23.7784805298
23.5584812164
23.9572277069
23.7269172668
23.7750415802
23.9641036987
23.8781661987
22.7987995148
23.8266029358
23.8403549194
23.4450454712
23.7991046906
23.9812908173
23.8300418854
23.7612915039
24.1291007996
23.7544174194
23.8884792328
23.8094177246
24.1428508759
24.087852478
23.8850402832
24.1600379944
24.8440971375
24.2253513336
24.0294151306
23.9262905121
24.0431652069
24.197851181
24.4900360107
24.4144115448
24.1428508759
25.3356552124
24.78565979
24.2803497314
24.3525371552
24.4522247314
24.6481590271
25.0262813568
25.0125312805
24.775346756
24.9919071198
24.9437828064
25.0847187042
25.8581504822
24.8750343323
25.3837795258
24.9437828064
25.0159702301
25.2290935516
24.7375335693
25.2084674835
25.0365943909
25.0090942383
25.3115921021
25.2634677887
25.5969028473
26.1434612274
25.3184661865
25.4800281525
25.3803424835
25.583152771
24.9815940857
25.5109653473
25.9853363037
25.5728397369
25.6244029999
25.2531547546
25.7275257111
25.7034645081
25.1809692383
25.7034645081
25.5625286102
25.6794013977
25.4319038391
25.4353408813
25.5350284576
24.5690975189
25.5694026947
25.7859630585
25.301279068
25.2256546021
25.2531547546
25.6106529236
25.6106529236
26.4940834045
25.473154068
25.2806549072
25.3597164154
25.6175270081
25.6175270081
25.8925247192
24.9231567383
25.9200248718
25.9372119904
26.5559577942
26.2775230408
26.8137683868
26.0540866852
26.0300235748
25.7584648132
26.3084602356
26.195022583
26.3084602356
26.1640853882
26.1743984222
26.4631462097
25.9887752533
26.1434612274
26.0231494904
26.4906463623
25.8444004059
26.4218959808
26.610956192
26.5078334808
26.6900196075
26.552520752
26.0025253296
26.2878341675
26.5972061157
26.610956192
26.5353317261
26.4700202942
26.5937690735
26.4459590912
26.7175178528
26.4356460571
26.1468982697
26.500957489
26.5937690735
26.1709594727
26.2431468964
26.500957489
26.6006450653
25.9578361511
26.2122097015
26.0300235748
26.356584549
25.9578361511
26.5318946838
26.5593948364
25.5659656525
26.1400222778
26.5387706757
26.9272041321
26.4562702179
26.8653297424
26.782831192
26.7243938446
27.1334533691
26.7003307343
26.8515796661
26.8997039795
26.6247062683
26.4906463623
26.5972061157
26.4940834045
26.772518158
26.6590824127
27.5768871307
26.8481426239
27.0372028351
27.0681400299
26.8240795135
26.9272041321
26.696893692
26.5215835571
26.672832489
26.9822044373
26.6797065735
26.8997039795
26.8172054291
26.8722057343
27.4153251648
26.6350193024
27.3637638092
27.3259506226
27.2812633514
26.7897052765
28.0031337738
27.47032547
27.2365760803
27.4462623596
27.5768871307
27.2606391907
27.1781406403
27.1025161743
27.2434520721
27.6215744019
27.2468891144
27.4153251648
27.2090778351
27.2365760803
27.3225135803
27.0509529114
27.5356369019
27.3465766907
27.2056388855
27.4771995544
27.2228279114
27.2709522247
27.4428253174
27.4015750885
27.360326767
27.6731357574
27.2090778351
27.3672008514
28.4431304932
27.4325122833
27.4496994019
27.47032547
27.1437644958
27.1609535217
27.6250114441
27.164390564
27.1162662506
27.4634494781
27.5597000122
27.580324173
27.6215744019
28.3537559509
27.5459499359
26.8550186157
27.3637638092
27.1747016907
28.3193817139
27.55626297
27.504699707
27.3878250122
26.9203300476
27.4084510803
27.2640762329
27.5734500885
27.394701004
27.6937599182
27.4875125885
27.5459499359
28.0031337738
27.4393882751
27.6043872833
27.1472034454
27.2640762329
27.418762207
26.6247062683
27.1781406403
27.2606391907
27.2778263092
27.3775138855
27.1334533691
27.4084510803
26.882516861
27.6421985626
27.7281360626
27.1747016907
27.2434520721
27.4668884277
27.5218868256
27.5287628174
27.6421985626
27.1540775299
27.7796974182
27.7040729523
27.8381347656
27.5528240204
27.7453231812
27.4393882751
27.5700111389
27.5872001648
28.288444519
27.494386673
27.6559486389
27.2056388855
27.4359512329
27.4909496307
27.61469841
27.3156394958
27.2193889618
28.006570816
27.1472034454
27.8450088501
27.6765727997
27.7728233337
27.70063591
27.7384471893
27.7934474945
27.1609535217
27.3981380463
27.7831344604
27.7659473419
27.580324173
27.5631370544
27.8656349182
27.5872001648
27.6868858337
28.0581321716
27.7350101471
27.3637638092
27.4050140381
27.590637207
27.3740768433
27.5734500885
28.3193817139
27.6490745544
27.2915763855
27.7625102997
28.6631278992
27.8587589264
27.9515705109
27.9790706635
27.9412593842
28.5325050354
27.6765727997
27.6318855286
28.3812561035
27.4256381989
27.6318855286
27.4806365967
27.4256381989
27.3912639618
27.3190765381
27.188451767
27.360326767
27.2881393433
27.1059532166
27.590637207
27.418762207
27.5184497833
27.5872001648
27.3981380463
27.7143859863
28.9690628052
27.7246990204
27.7900104523
27.690322876
27.6181373596
27.666261673
27.1678276062
27.394701004
27.0406417847
27.0062656403
27.3809509277
26.978767395
26.9375171661
26.9547042847
26.6693935394
26.9065799713
26.5731449127
26.9547042847
27.0956401825
26.9478302002
26.662519455
26.7965812683
26.7484550476
27.8312606812
26.9100170135
26.5147075653
25.9543991089
27.0990791321
26.9478302002
26.7209568024
27.1025161743
26.7347068787
27.088766098
27.4737625122
25.6415901184
26.8790798187
26.9753284454
26.8137683868
26.7243938446
26.8893928528
26.9168930054
26.6900196075
26.9375171661
26.806892395
26.696893692
26.7862682343
26.978767395
26.6900196075
26.610956192
26.7622051239
26.2293968201
26.5903320312
26.7347068787
26.7553310394
26.4837703705
26.672832489
26.5043945312
26.5250205994
26.5903320312
26.696893692
26.7037696838
26.476896286
26.2568969727
26.3290843964
26.4734573364
26.1434612274
25.8822135925
25.4903411865
25.7859630585
25.8409633636
25.8959617615
25.7378387451
25.9853363037
26.0093994141
25.7962760925
26.0403366089
25.7859630585
25.6381530762
25.6003398895
25.6450271606
25.7550258636
25.6381530762
26.0815868378
25.5453414917
25.6965885162
25.6553401947
25.6450271606
24.8750343323
25.5109653473
25.7344017029
25.975025177
25.7137756348
25.2875289917
25.7447128296
25.7309646606
25.5075283051
25.5453414917
25.201593399
25.5522155762
25.6278400421
25.5659656525
25.4456539154
25.4559669495
25.7172145844
25.2600307465
25.7378387451
25.7309646606
25.4765911102
26.5800189972
25.3734664917
25.2325305939
25.5453414917
25.8237762451
25.4525279999
25.7034645081
25.5590896606
25.5522155762
25.7584648132
25.2909679413
25.8959617615
25.9097118378
25.975025177
25.4284667969
25.1569061279
26.8034553528
25.8650245667
25.5006523132
25.4834651947
25.8684635162
25.8203392029
26.696893692
25.2084674835
25.5694026947
25.975025177
25.7481517792
26.0025253296
26.0403366089
25.9440879822
25.6244029999
25.9372119904
26.0575237274
26.1778354645
25.9303379059
26.0231494904
25.9440879822
25.8100261688
26.0609607697
26.0781478882
25.8959617615
26.0231494904
26.2431468964
26.4184589386
25.7240886688
25.8272132874
25.5178413391
25.99908638
25.9509620667
26.0334625244
25.7137756348
25.8134632111
25.5247154236
25.99908638
25.8615875244
27.198764801
26.2397098541
26.4322090149
26.1709594727
26.3428344727
26.4528331757
26.7037696838
26.4390830994
26.5147075653
26.6281433105
26.4425201416
26.5490818024
26.2637729645
26.4906463623
24.1050395966
26.6487693787
26.1468982697
26.3256473541
25.5556526184
26.415019989
26.1022109985
26.5662689209
26.1193981171
26.4528331757
25.7412757874
26.4803333282
26.1297111511
26.356584549
26.415019989
26.3290843964
26.5112705231
26.576581955
26.5215835571
26.9375171661
26.4975204468
26.356584549
26.1503353119
26.2122097015
26.380645752
26.5937690735
26.1709594727
26.0197124481
26.4356460571
26.2740840912
26.3875217438
26.4631462097
26.4081459045
24.9369087219
26.0472106934
26.7759552002
25.9543991089
26.8962669373
26.0953369141
26.0506496429
25.8134632111
25.4422168732
26.7656440735
26.1468982697
26.1537723541
25.9956493378
25.7000274658
25.8547134399
25.7687759399
26.1022109985
25.9681491852
25.889087677
26.0197124481
26.1572113037
25.5144023895
25.8100261688
25.8822135925
25.7550258636
26.0300235748
25.9612751007
26.0575237274
25.8134632111
25.8237762451
25.7206516266
25.7894020081
26.0265865326
25.8100261688
25.9853363037
25.3562793732
25.7344017029
26.0093994141
25.889087677
25.1362819672
25.5212783813
25.779088974
25.2119064331
25.7000274658
25.5281524658
25.4594039917
25.105342865
25.4112796783
25.0709686279
25.4525279999
25.4903411865
25.7137756348
25.2187805176
25.5212783813
25.4078407288
25.2806549072
25.5315895081
25.3287792206
25.7344017029
25.3459663391
25.6759643555
25.4834651947
25.4559669495
25.3940925598
25.8684635162
26.5697078705
25.4697151184
25.6072158813
25.8065891266
25.7756519318
25.4628410339
25.6656513214
25.7859630585
25.6656513214
25.5865898132
26.3668956757
25.6656513214
25.7240886688
25.6862773895
26.4390830994
25.5178413391
25.7756519318
25.7825260162
25.5900268555
25.6794013977
25.2050304413
25.4112796783
25.9612751007
25.6759643555
25.6244029999
25.5075283051
25.9234619141
25.4662780762
25.7137756348
25.4937782288
25.6553401947
25.277217865
25.6244029999
25.3356552124
25.1431560516
25.1569061279
24.7100334167
25.1878433228
25.5797157288
25.5212783813
25.5900268555
25.4662780762
25.6828384399
25.5762786865
25.4834651947
25.2978420258
25.7412757874
24.9884700775
24.7272224426
25.4559669495
24.9644069672
25.191280365
25.3219051361
25.1981563568
25.0537815094
24.9884700775
25.1809692383
25.0778446198
24.5931606293
25.2875289917
25.5419025421
25.1603431702
24.7375335693
24.78565979
25.0640945435
23.8781661987
24.6687850952
24.0947265625
24.0087890625
23.4484825134
23.1150474548
23.0016098022
23.2731704712
23.4209823608
23.4037952423
