START.
893.421630859
893.496826172
893.492919922
893.536865234
893.561279297
893.613037109
893.626708984
893.606445312
893.637939453
893.670654297
893.720458984
893.732421875
893.756347656
893.760742188
893.798828125
893.797851562
893.78125
893.801757812
893.811035156
893.863037109
893.751220703
893.807617188
893.794189453
893.789306641
893.752441406
893.751464844
893.806640625
893.834228516
893.867919922
893.916748047
893.944824219
893.929443359
893.914794922
893.936035156
893.974365234
894.006591797
894.000976562
894.034667969
894.0234375
894.00390625
894.026367188
894.065429688
894.060546875
894.110595703
894.118896484
894.212158203
894.176513672
894.250244141
894.212890625
894.229248047
894.250732422
894.306884766
894.327148438
894.284912109
894.318603516
894.369873047
894.32421875
894.374267578
894.36328125
894.361816406
894.424804688
894.3671875
894.382080078
894.354980469
894.438964844
894.475830078
894.510009766
894.537353516
894.531494141
894.518798828
894.497802734
894.499755859
894.554931641
894.560546875
894.545166016
894.576416016
894.596191406
894.622070312
894.655517578
894.615234375
894.683105469
894.68359375
894.695800781
894.660400391
894.681640625
894.68359375
894.669677734
894.733886719
894.70703125
894.680664062
894.643066406
894.68359375
894.625976562
894.580078125
894.608154297
894.606445312
894.587890625
894.578369141
894.544677734
894.552734375
894.550048828
894.567382812
894.526855469
894.500732422
894.555908203
894.587402344
894.5546875
894.536376953
894.584960938
894.58203125
894.581298828
894.685791016
894.688720703
894.700195312
894.676025391
894.727783203
894.706298828
894.718994141
894.732421875
894.746826172
894.752441406
894.787597656
894.864013672
894.904052734
894.936767578
894.912841797
894.872802734
894.856445312
894.876464844
894.947998047
894.998046875
894.997558594
894.991210938
895.066894531
895.070556641
895.12109375
895.097900391
895.128173828
895.141113281
895.180664062
895.176757812
895.188720703
895.181152344
895.290771484
895.282470703
895.250732422
895.298339844
895.259033203
895.387939453
895.325195312
895.324462891
895.362060547
895.440185547
895.429931641
895.489746094
895.520507812
895.452148438
895.422607422
895.433349609
895.467773438
895.490722656
895.520019531
895.489013672
895.505126953
895.504638672
895.5546875
895.546875
895.634033203
895.581298828
895.607666016
895.605712891
895.661621094
895.657958984
895.623535156
895.706054688
895.657470703
895.683105469
895.658935547
895.646728516
895.66796875
895.733886719
895.813964844
895.833984375
895.809814453
895.817382812
895.869628906
895.845214844
895.920654297
895.874267578
895.860351562
895.865722656
895.922119141
895.870361328
895.884765625
895.928710938
895.913085938
895.929199219
895.950439453
895.919677734
895.999267578
895.994140625
895.979248047
895.975341797
895.990722656
896.023925781
895.984619141
896.049804688
896.091064453
896.129394531
896.127929688
896.099365234
896.079589844
896.108154297
896.094238281
896.162597656
896.142822266
896.210693359
896.182128906
896.235351562
896.232910156
896.270019531
896.300048828
896.327148438
896.343017578
896.364257812
896.338623047
896.384033203
896.397949219
896.401123047
896.404785156
896.423583984
896.389648438
896.39453125
896.422607422
896.455566406
896.491210938
896.497070312
896.447021484
896.472412109
896.502197266
896.478271484
896.492675781
896.520263672
896.501953125
896.477539062
896.456542969
896.484863281
896.504638672
896.521728516
896.496337891
896.509765625
896.488525391
896.455322266
896.423095703
896.424072266
896.45703125
896.493652344
896.515136719
896.503417969
896.468017578
896.4609375
896.477783203
896.46875
896.470703125
896.451904297
896.470214844
896.468505859
896.48828125
896.522705078
896.505615234
896.458251953
896.469238281
896.512207031
896.544433594
896.553222656
896.538818359
896.562011719
896.604003906
896.572021484
896.560791016
896.551025391
896.567626953
896.544189453
896.611816406
896.642089844
896.626708984
896.638427734
896.62109375
896.600097656
896.588134766
896.614501953
896.615478516
896.612792969
896.618652344
896.613037109
896.595947266
896.613037109
896.631591797
896.671630859
896.670654297
896.680419922
896.626953125
896.693359375
896.692138672
896.692626953
896.696044922
896.654785156
896.703613281
896.721435547
896.730957031
896.729248047
896.729492188
896.794433594
896.725341797
896.763427734
896.825439453
896.83984375
896.788574219
896.818603516
896.7890625
896.788085938
896.853271484
896.872070312
896.899169922
896.900146484
896.948242188
896.954101562
896.929199219
896.973632812
896.979248047
897.039550781
897.010986328
897.011230469
896.996826172
897.039550781
897.0703125
897.059570312
897.034179688
897.060058594
897.056396484
897.118652344
897.091552734
897.138183594
897.117919922
897.1484375
897.135742188
897.171142578
897.117675781
897.141845703
897.162841797
897.130615234
897.135498047
897.151367188
897.261962891
897.1796875
897.228759766
897.203613281
897.190673828
897.281982422
897.258300781
897.254394531
897.2734375
897.244384766
897.291015625
897.270263672
897.296386719
897.311035156
897.28515625
897.336669922
897.368652344
897.387695312
897.301757812
897.361816406
897.350341797
897.392089844
897.388427734
897.391357422
897.411376953
897.421386719
897.468994141
897.462158203
897.510742188
897.5078125
897.498779297
897.558837891
897.569335938
897.575927734
897.568847656
897.658935547
897.661376953
897.697265625
897.687988281
897.802734375
897.712402344
897.706298828
897.783203125
897.740722656
897.741699219
897.802246094
897.774902344
897.773681641
897.802978516
897.762451172
897.759521484
897.752929688
897.794189453
897.790039062
897.829345703
897.812744141
897.836669922
897.830322266
897.863525391
897.849365234
897.879394531
897.916015625
897.973388672
898.039306641
898.094726562
898.073730469
898.128417969
898.200683594
898.20703125
898.23046875
898.265625
898.281005859
898.324462891
898.369628906
898.364257812
898.404785156
898.367675781
898.466308594
898.432617188
898.476806641
898.469726562
898.484130859
898.476074219
898.510986328
898.539306641
898.520751953
898.485595703
898.579833984
898.549316406
898.573730469
898.618408203
898.635986328
898.632080078
898.625
898.650878906
898.667480469
898.648681641
898.655273438
898.637695312
898.616943359
898.657470703
898.704589844
898.68359375
898.727294922
898.749511719
898.724853516
898.771972656
898.731201172
898.713378906
898.707519531
898.659423828
898.649414062
898.722900391
898.716064453
898.732666016
898.751464844
898.671630859
898.701416016
898.705566406
898.693359375
898.738525391
898.667236328
898.735351562
898.745361328
898.71875
898.718994141
898.712158203
898.772460938
898.723632812
898.677978516
898.720947266
898.70703125
898.732910156
898.734619141
898.752197266
898.756591797
898.715820312
898.737548828
898.672363281
898.678710938
898.649169922
898.652832031
898.588623047
898.5703125
898.557128906
898.56640625
898.543945312
898.485107422
898.488525391
898.424316406
898.452392578
898.447021484
898.467285156
898.431396484
898.39453125
898.380126953
898.317626953
898.342773438
898.313232422
898.312011719
898.325195312
898.328125
898.307373047
898.315673828
898.281494141
898.228759766
898.229980469
898.305664062
898.237060547
898.295410156
898.267822266
898.261474609
898.283447266
898.229248047
898.235839844
898.175537109
898.157714844
898.157714844
898.161376953
898.112548828
898.151855469
898.165527344
898.087402344
898.109375
898.090087891
898.120605469
898.044677734
898.002441406
898.031738281
897.966796875
897.98046875
897.955322266
897.965087891
897.941650391
897.901611328
897.850097656
897.844238281
897.804931641
897.747314453
897.728515625
897.714599609
897.694580078
897.673339844
897.652587891
897.693847656
897.632324219
897.580322266
897.57421875
897.580322266
897.530761719
897.545410156
897.527099609
897.468994141
897.423828125
897.466308594
897.477783203
897.414794922
897.377929688
897.380371094
897.346679688
897.333251953
897.343994141
897.319580078
897.277832031
897.287597656
897.246826172
897.295654297
897.251464844
897.237792969
897.235595703
897.215087891
897.228027344
897.150634766
897.197998047
897.205566406
897.133789062
897.11328125
897.164306641
897.103027344
897.059326172
897.065185547
897.030517578
897.025634766
896.998046875
897.033447266
896.979248047
896.986328125
896.989746094
896.95703125
896.950927734
896.920898438
896.960693359
896.927490234
896.907226562
896.887939453
896.857421875
896.870849609
896.876708984
896.826660156
896.807373047
896.836914062
896.791259766
896.820800781
896.823242188
896.793457031
896.775878906
896.769042969
896.820556641
896.732177734
896.823486328
896.844970703
896.821044922
896.821044922
896.768310547
896.764404297
896.771484375
896.726806641
896.737060547
896.688476562
896.697021484
896.701660156
896.667724609
896.634277344
896.601074219
896.599365234
896.568847656
896.551269531
896.551025391
896.493652344
896.425292969
896.427978516
896.457275391
896.439453125
896.430419922
896.369384766
896.364013672
896.398193359
896.370849609
896.392578125
896.362304688
896.370361328
896.348632812
896.352783203
896.364501953
896.335205078
896.338867188
896.368896484
896.392333984
896.407958984
896.424072266
896.4140625
896.434082031
896.454833984
896.472900391
896.429443359
896.419433594
896.46875
896.459228516
896.46875
896.434814453
896.458984375
896.442626953
896.429443359
896.435302734
896.386474609
896.390380859
896.409667969
896.404296875
896.464111328
896.418457031
896.513916016
896.485839844
896.494384766
896.530273438
896.542236328
896.546386719
896.588134766
896.612792969
896.621337891
896.657226562
896.638183594
896.424560547
896.659179688
896.835693359
896.899902344
896.890380859
896.884765625
896.928466797
896.969482422
897.068115234
897.026123047
897.124511719
897.180664062
897.173339844
897.135009766
