START.
0
28.3998
28.3998
28.3998
28.3998
28.3998
28.3748
28.3872
28.3622
28.3372
28.3498
28.3372
28.3496
28.3372
28.3372
28.3372
28.3248
28.3248
28.3122
28.3122
28.2748
28.2748
28.2748
28.2622
28.2498
28.2622
28.2372
28.2246
28.2246
28.2246
28.2246
28.2246
28.2372
28.2122
28.212
28.1996
28.1624
28.1372
28.1248
28.1248
28.1122
28.1122
28.0872
28.0872
28.0872
28.0872
28.0748
28.0496
28.0496
28.0248
28.0122
28.0374
28.0374
28.0248
28.0248
28.0374
28.0248
27.9998
27.9748
27.9748
27.9872
27.9748
27.9622
27.9998
27.9622
27.9872
27.9246
27.9246
27.8874
27.8624
27.8748
27.8998
27.9124
27.8748
27.8874
27.8874
27.8622
27.8496
27.8496
27.8372
27.8122
27.8122
27.7996
27.8372
27.7622
27.7622
27.7498
27.7996
27.7748
27.7748
27.7498
27.6998
27.7374
27.6872
27.6996
27.6746
27.7122
27.7122
27.7372
27.6998
27.7246
27.7122
27.7372
27.7246
27.7246
27.7498
27.7122
27.7372
27.7498
27.7874
27.7372
27.7748
27.7874
27.7498
27.7748
27.7372
27.7372
27.7498
27.6998
27.6872
27.6746
27.6498
27.6872
27.6622
27.6872
27.6748
27.6498
27.6498
27.6498
27.6748
27.6748
27.6748
27.6748
27.7122
27.6498
27.6622
27.7122
27.6996
27.6998
27.6872
27.7122
27.6998
27.6498
27.7498
27.6498
27.7122
27.7498
27.7748
27.7122
27.7122
27.7874
27.7498
27.7498
27.7874
27.7372
27.7874
27.7998
27.8122
27.8248
27.8496
27.8122
27.7874
27.7248
27.7248
27.7874
27.8246
27.7748
27.7624
27.7998
27.7748
27.7998
27.7998
27.7248
27.7748
27.7622
27.7122
27.7998
27.8372
27.8372
27.7748
27.7872
27.8122
27.8496
27.8372
27.7872
27.7624
27.7996
27.8372
27.75
27.7624
27.7748
27.7748
27.7996
27.7998
27.8372
27.8372
27.7748
27.8372
27.8122
27.8122
27.8122
27.8122
27.7748
27.7748
27.6872
27.6996
27.6248
27.6374
27.6124
27.5622
27.5998
27.6248
27.5872
27.5746
27.5872
27.6124
27.5496
27.4622
27.4246
27.4122
27.4874
27.5622
27.5248
27.5248
27.5622
27.4122
27.3498
27.3496
27.4998
27.4122
27.4122
27.4372
27.3498
27.4496
27.3874
27.3998
27.3624
27.4248
27.3998
27.4246
27.3622
27.3998
27.3246
27.3246
27.3246
27.1998
27.2122
27.2374
27.3372
27.2748
27.3498
27.2624
27.2748
27.3122
27.3372
27.3372
27.2872
27.1998
27.0998
27.1872
27.0372
27.0124
27.0248
27.1498
27.1498
27.1498
27.1872
27.2122
27.1622
27.0374
27.1374
27.1622
27.1374
27.1374
26.9622
26.9998
27.0746
27.0248
27.0124
26.8748
26.9122
27.0122
26.9874
27.0122
27.0622
26.9372
26.8998
26.8874
26.9372
26.8372
26.7624
26.8372
26.8998
26.8122
26.8624
26.8372
26.8246
26.8372
26.8998
26.7872
26.8874
26.9122
26.9622
26.8622
26.8998
27.0124
27.0124
26.8748
26.8372
26.8248
26.7624
26.8246
26.7996
26.8748
26.9372
26.8624
26.8372
26.7122
26.6498
26.7748
26.7624
26.7624
26.6748
26.6996
26.6622
26.6996
26.7122
26.7624
26.7372
26.7248
26.6872
26.6998
26.6996
26.6122
26.6248
26.3748
26.4122
26.5498
26.5124
26.4498
26.4998
26.5372
26.5372
26.5622
26.5746
26.5622
26.5124
26.4622
26.5872
26.5998
26.6124
26.6124
26.6498
26.3998
26.3372
26.4372
26.3998
26.3998
26.3372
26.4246
26.2748
26.3624
26.4246
26.4874
26.5248
26.5496
26.5998
26.5998
26.6248
26.6248
26.6498
26.6746
26.6998
26.7124
26.6872
26.7122
26.6872
26.6872
26.7374
26.7372
26.6872
26.7374
26.6998
26.7374
26.7498
26.6996
26.7622
26.7374
26.7498
26.7622
26.7748
26.7996
26.7498
26.7748
26.7748
26.7748
26.7996
26.8122
26.8122
26.8248
26.8122
26.8248
26.8498
26.8498
26.8624
26.8872
26.8498
26.8872
26.8748
26.9122
26.9372
26.9372
26.9622
26.9622
26.9874
26.9998
26.9998
27.0122
27.0122
27.0248
27.0372
27.0496
27.0622
27.0496
27.0748
27.0748
27.0872
27.0872
27.0998
27.1248
27.1124
27.1372
27.1498
27.1498
27.1498
27.1872
27.1998
27.1998
27.1998
27.1998
27.2122
27.2122
27.2248
27.2374
27.2498
27.2622
27.2622
27.2872
27.2872
27.2996
27.3122
27.3122
27.3248
27.3248
27.3372
27.3498
27.3498
27.3748
27.3748
27.3748
27.3998
27.3874
27.4122
27.4246
27.4372
27.4372
27.4498
27.4748
27.4748
27.4748
27.4748
27.4874
27.4998
27.5122
27.5122
27.5248
27.5372
27.5748
27.5748
27.5622
27.5748
27.5748
27.5872
27.5872
27.5872
27.5872
27.5872
27.5998
27.6124
27.6124
27.6248
27.6374
27.6622
27.6374
27.6746
27.6746
27.6872
27.6872
27.6872
27.6622
27.6746
27.6872
27.7122
27.7248
27.7372
27.7372
27.7622
27.7622
27.7748
27.7748
27.7996
27.8122
27.8372
27.8498
27.8622
27.8872
27.8748
27.912
27.9372
27.9372
27.9498
27.9372
27.9872
27.9872
27.9872
27.9872
27.9996
28.0246
28.0246
28.0246
28.0372
28.0372
28.0246
28.0372
28.0372
28.0622
28.0622
28.0624
28.0872
28.0748
28.0996
28.0996
28.1246
28.1122
28.1246
28.1246
28.1246
28.1498
28.1372
28.1498
28.1624
28.1748
28.1748
28.1624
28.1624
28.1498
28.1246
28.1624
28.1498
28.1748
28.1498
28.1498
28.1624
28.1748
28.1748
28.1748
28.1872
28.2246
28.1748
28.2246
28.2372
28.2624
28.2748
28.2748
28.2748
28.2624
28.2872
28.312
28.2748
28.2748
28.2748
28.2996
28.3246
28.3246
28.3246
28.3246
28.312
28.3246
28.3372
28.3246
28.3498
28.3622
28.3748
28.3246
28.3372
28.3624
28.3498
28.3748
28.3748
28.3748
28.3748
28.3996
28.3748
28.3748
28.3748
28.3748
28.3872
28.412
28.3872
28.4246
28.3872
28.4246
28.4246
28.4246
28.412
28.3748
28.4246
28.3996
28.3748
28.3748
28.3872
28.3996
28.4246
28.412
28.412
28.4246
28.412
28.4246
28.4246
28.4498
28.4748
28.4624
28.4748
28.4624
28.4748
28.4748
28.4748
28.4748
28.4748
28.4748
28.4748
28.4748
28.4748
28.4748
28.4748
28.4748
28.4748
28.4748
28.4624
28.4748
28.4748
28.4748
28.4748
28.4748
28.4748
28.4872
28.4748
28.4748
28.4748
28.4748
28.4748
28.4748
28.4748
28.4748
28.4748
28.4246
28.4748
28.4748
28.4748
28.4748
28.4748
28.4748
28.4748
28.4748
28.4748
28.4748
28.4748
28.4748
28.4498
28.4624
28.4748
28.4246
28.4498
28.4498
28.4372
28.4372
28.4624
28.4624
28.4372
28.4246
28.4622
28.4372
28.4246
28.4372
28.4498
28.4246
28.4246
28.3872
28.3996
28.3748
28.3372
28.3246
28.312
28.3246
28.2872
28.2872
28.2748
28.2372
